[{"id": 0, "img_name": "0_colors", "width": 800, "height": 800, "position": [3.0067093372344975, 2.2736999988555904, 1.3379038572311404], "rotation": [[-0.5776082277297974, 0.21488723158836365, -0.7875227928161623], [0.8163139820098878, 0.15205010771751404, -0.5572361350059508], [-5.285872643196309e-09, -0.9647301435470581, -0.26324087381362915]], "fy": 1111.1113654242622, "fx": 1111.1113654242622}, {"id": 1, "img_name": "1_colors", "width": 800, "height": 800, "position": [2.2663865089416504, -3.032018184661865, -1.2924233675003052], "rotation": [[0.8943889141082764, -0.18486633896827698, -0.40729945898056025], [0.4472900331020354, 0.36965397000312816, 0.814424693584442], [1.4034949912123976e-07, -0.9105934500694277, 0.41330328583717346]], "fy": 1111.1113654242622, "fx": 1111.1113654242622}, {"id": 2, "img_name": "2_colors", "width": 800, "height": 800, "position": [-2.226185083389282, 3.05357551574707, -1.3114025592803955], "rotation": [[-0.6836243271827699, 0.31845352053642284, 0.6566925048828125], [-0.729833960533142, -0.2982904613018036, -0.6151138544082642], [-6.085803510070194e-08, -0.8997833728790284, 0.43633681535720825]], "fy": 1111.1113654242622, "fx": 1111.1113654242622}, {"id": 3, "img_name": "3_colors", "width": 800, "height": 800, "position": [-3.206578731536865, -2.3864545822143555, -0.15062017738819125], "rotation": [[0.6144126653671266, 0.10823462158441546, 0.7815256118774414], [-0.7889847159385681, 0.0842866227030754, 0.6086039543151855], [-1.303692300905985e-07, -0.9905458092689515, 0.13718225061893466]], "fy": 1111.1113654242622, "fx": 1111.1113654242622}, {"id": 4, "img_name": "4_colors", "width": 800, "height": 800, "position": [2.8056554794311523, -2.8118698596954355, -0.47083503007888805], "rotation": [[0.8207021951675415, -0.13364334404468536, -0.5555063486099242], [0.5713561177253723, 0.19196668267250058, 0.7979354262351992], [-4.4171841309692536e-08, -0.9722593426704408, 0.23390541970729828]], "fy": 1111.1113654242622, "fx": 1111.1113654242622}, {"id": 5, "img_name": "5_colors", "width": 800, "height": 800, "position": [3.232297897338868, 2.1417279243469234, -0.9824723005294802], "rotation": [[-0.5150375962257385, -0.36146849393844604, -0.7772237658500674], [0.8571674823760987, -0.2171918749809265, -0.46700263023376454], [6.332668792105775e-08, -0.9067349433898927, 0.42170107364654547]], "fy": 1111.1113654242622, "fx": 1111.1113654242622}, {"id": 6, "img_name": "6_colors", "width": 800, "height": 800, "position": [2.7659628391265874, 1.5784181356430054, 2.420340061187744], "rotation": [[-0.42973494529724143, 0.5487369894981384, -0.7170882821083068], [0.9029549956321719, 0.26115521788597107, -0.34127718210220337], [-5.60614523187686e-08, -0.7941572070121765, -0.6077123284339904]], "fy": 1111.1113654242622, "fx": 1111.1113654242622}, {"id": 7, "img_name": "7_colors", "width": 800, "height": 800, "position": [2.2267563343048096, -2.485367774963378, 2.2055618762969975], "rotation": [[0.8656291365623474, 0.22195090353488928, -0.4488027691841125], [0.5006856322288512, -0.38372805714607233, 0.7759295105934141], [3.701082102699493e-08, -0.8963763713836671, -0.4432938396930695]], "fy": 1111.1113654242622, "fx": 1111.1113654242622}, {"id": 8, "img_name": "8_colors", "width": 800, "height": 800, "position": [1.9511520862579341, 1.711047291755676, 3.0438992977142334], "rotation": [[-0.6407320499420167, 0.6162779331207275, -0.45789065957069397], [0.7677645087242126, 0.5143102407455444, -0.3821289837360382], [2.0030138615245853e-07, -0.5963945388793945, -0.8026914596557618]], "fy": 1111.1113654242622, "fx": 1111.1113654242622}, {"id": 9, "img_name": "9_colors", "width": 800, "height": 800, "position": [3.492309570312501, -1.9422528743743894, 0.17727646231651317], "rotation": [[0.6323065757751466, -0.06450632959604265, -0.7720280289649966], [0.7747181653976442, 0.05264846980571747, 0.6301109790802001], [-5.228100973452438e-08, -0.9965274930000306, 0.08326420187950134]], "fy": 1111.1113654242622, "fx": 1111.1113654242622}, {"id": 10, "img_name": "10_colors", "width": 800, "height": 800, "position": [0.14438593387603757, -3.8902497291564937, 0.9192987680435181], "rotation": [[0.9967354536056519, -0.007651109714061023, 0.08037308603525162], [-0.08073642849922179, -0.09445711970329285, 0.9922497272491454], [-1.1876947210173707e-09, -0.9954995512962341, -0.09476649016141891]], "fy": 1111.1113654242622, "fx": 1111.1113654242622}, {"id": 11, "img_name": "11_colors", "width": 800, "height": 800, "position": [-1.7575638294219975, 3.0922992229461674, -1.8299331665039062], "rotation": [[-0.7541168928146362, 0.3684706091880798, 0.5436331629753114], [-0.6567400693893432, -0.4231049418449402, -0.6242392063140869], [7.312877413698818e-08, -0.8277751207351685, 0.5610600709915161]], "fy": 1111.1113654242622, "fx": 1111.1113654242622}, {"id": 12, "img_name": "12_colors", "width": 800, "height": 800, "position": [3.803915739059449, 1.0331979990005493, 0.6802397966384889], "rotation": [[-0.1593220829963684, 0.05309157818555833, -0.9857980012893676], [0.9872266054153442, 0.008568142540752888, -0.15909154713153836], [3.671308945652301e-08, -0.9985528588294984, -0.053778517991304405]], "fy": 1111.1113654242622, "fx": 1111.1113654242622}, {"id": 13, "img_name": "13_colors", "width": 800, "height": 800, "position": [0.029371703043580055, -3.7564127445220943, 1.3742271661758423], "rotation": [[0.9939426183700563, -0.02198218181729317, 0.10767861455678941], [-0.10989949107170108, -0.19880932569503781, 0.973856747150421], [1.5108904350635382e-08, -0.9797916412353516, -0.2000209093093872]], "fy": 1111.1113654242622, "fx": 1111.1113654242622}, {"id": 14, "img_name": "14_colors", "width": 800, "height": 800, "position": [3.897247314453125, 0.5719643831253052, -0.6959307789802551], "rotation": [[-0.021178491413593285, -0.3319144248962402, -0.9430717229843141], [0.9997756481170653, -0.007031161803752183, -0.019977271556854248], [-1.4567213213440948e-07, -0.9432833194732666, 0.3319888710975647]], "fy": 1111.1113654242622, "fx": 1111.1113654242622}, {"id": 15, "img_name": "15_colors", "width": 800, "height": 800, "position": [1.9661194086074831, 3.47946572303772, 0.16641221940517423], "rotation": [[-0.8972534537315369, -0.04413190856575966, -0.43930453062057495], [0.44151565432548523, -0.08968534320592879, -0.8927600383758544], [2.7120929508358803e-08, -0.9949918985366821, 0.09995541721582411]], "fy": 1111.1113654242622, "fx": 1111.1113654242622}, {"id": 16, "img_name": "16_colors", "width": 800, "height": 800, "position": [-1.7050219774246214, -2.9728622436523433, -2.0627627372741695], "rotation": [[0.8442093729972839, 0.2834240794181824, 0.45495191216468805], [-0.5360134243965148, 0.44638663530349726, 0.7165392637252808], [8.173373917921649e-09, -0.8487695455551146, 0.5287629365921019]], "fy": 1111.1113654242622, "fx": 1111.1113654242622}, {"id": 17, "img_name": "17_colors", "width": 800, "height": 800, "position": [1.5144383907318115, 2.603466510772705, -2.6321928501129146], "rotation": [[-0.9007238745689392, -0.34825074672698975, -0.2596493661403656], [0.4343919456005096, -0.7221075892448425, -0.5383904576301574], [8.74227694908878e-08, -0.5977307558059692, 0.8016968965530394]], "fy": 1111.1113654242622, "fx": 1111.1113654242622}, {"id": 18, "img_name": "18_colors", "width": 800, "height": 800, "position": [-0.41286343336105374, 3.974147319793702, 0.18893821537494648], "rotation": [[-0.9671694040298461, 0.021925088018178943, 0.25318482518196106], [-0.25413236021995544, -0.08344153314828873, -0.963563323020935], [-8.095756953487473e-08, -0.9962714314460754, 0.08627397567033769]], "fy": 1111.1113654242622, "fx": 1111.1113654242622}, {"id": 19, "img_name": "19_colors", "width": 800, "height": 800, "position": [-0.021426184102892792, 3.587884426116943, 1.768226742744446], "rotation": [[-0.9860405921936034, -0.06249999999999999, 0.1543295234441757], [-0.1665047854185104, 0.37012454867362976, -0.9139387011528015], [2.6679435564261685e-08, -0.9268773198127747, -0.3753644227981567]], "fy": 1111.1113654242622, "fx": 1111.1113654242622}, {"id": 20, "img_name": "20_colors", "width": 800, "height": 800, "position": [-3.808405399322509, 0.09299831837415698, 1.2195900678634646], "rotation": [[0.09404824674129486, -0.16330072283744812, 0.9820833802223203], [-0.995567560195923, -0.015426639467477802, 0.09277442097663881], [1.1655234288829631e-07, -0.9864557385444641, -0.16402776539325714]], "fy": 1111.1113654242622, "fx": 1111.1113654242622}, {"id": 21, "img_name": "21_colors", "width": 800, "height": 800, "position": [-0.44180423021316534, 1.5187027454376225, -3.674010276794433], "rotation": [[-0.7342775464057922, 0.6441972255706786, 0.2141176015138626], [-0.6788492798805236, -0.6967961192131044, -0.2316004931926728], [-8.742276944746367e-08, -0.31541264057159424, 0.9489546418190002]], "fy": 1111.1113654242622, "fx": 1111.1113654242622}, {"id": 22, "img_name": "22_colors", "width": 800, "height": 800, "position": [-1.7472245693206787, 3.5980770587921134, -0.032373216003179446], "rotation": [[-0.8094714879989624, 0.08089485764503479, 0.5815598368644713], [-0.5871590375900269, -0.11152346432209012, -0.8017522692680357], [-7.040950577461127e-08, -0.9904637932777405, 0.13777321577072144]], "fy": 1111.1113654242622, "fx": 1111.1113654242622}, {"id": 23, "img_name": "23_colors", "width": 800, "height": 800, "position": [2.149005174636841, 1.0104439258575442, 3.21881651878357], "rotation": [[-0.2957032918930053, 0.8064637184143065, -0.5120310783386232], [0.9552797675132751, 0.24963781237602234, -0.15849739313125613], [-7.847357610055451e-08, -0.5360011458396912, -0.8442172408103943]], "fy": 1111.1113654242622, "fx": 1111.1113654242622}, {"id": 24, "img_name": "24_colors", "width": 800, "height": 800, "position": [1.2104454040527346, -3.8101041316986084, -0.1338943690061568], "rotation": [[0.9866857528686523, -0.023356378078460686, -0.1609521359205246], [0.16263796389102936, 0.1416976749897003, 0.9764582514762878], [1.5469328923793157e-08, -0.9896343946456909, 0.14360971748828882]], "fy": 1111.1113654242622, "fx": 1111.1113654242622}, {"id": 25, "img_name": "25_colors", "width": 800, "height": 800, "position": [3.759079933166505, 0.21536134183406824, -1.3501617908477785], "rotation": [[0.08700592070817949, -0.490404337644577, -0.8671410083770751], [0.9962077140808107, 0.042830418795347214, 0.07573366165161133], [-1.0230345282626955e-07, -0.8704419136047363, 0.49227112531661993]], "fy": 1111.1113654242622, "fx": 1111.1113654242622}, {"id": 26, "img_name": "26_colors", "width": 800, "height": 800, "position": [-1.0096211433410645, 3.78208065032959, -0.8225148320198056], "rotation": [[-0.9085046648979187, 0.143653005361557, 0.3924066424369812], [-0.41787454485893255, -0.3123172223567963, -0.8531346917152405], [-4.384764564845221e-09, -0.9390536546707153, 0.3437706232070923]], "fy": 1111.1113654242622, "fx": 1111.1113654242622}, {"id": 27, "img_name": "27_colors", "width": 800, "height": 800, "position": [-1.9800471067428584, -3.2515590190887442, 1.2275086641311646], "rotation": [[0.8341982960700988, -0.0880649909377098, 0.5443874597549437], [-0.5514644980430603, -0.13321559131145475, 0.8234928250312804], [7.646097975355956e-09, -0.9871667623519899, -0.15969295799732208]], "fy": 1111.1113654242622, "fx": 1111.1113654242622}, {"id": 28, "img_name": "28_colors", "width": 800, "height": 800, "position": [1.1799936294555662, 0.04304002225399013, -3.8217487335205074], "rotation": [[0.5577646493911743, -0.8154758214950562, -0.15458899736404413], [0.8299990892410278, 0.5480049848556519, 0.10388459265232088], [1.673801080007908e-07, -0.18625189363956451, 0.9825020432472228]], "fy": 1111.1113654242622, "fx": 1111.1113654242622}, {"id": 29, "img_name": "29_colors", "width": 800, "height": 800, "position": [3.7752184867858896, -1.2853074073791504, -0.3093721568584442], "rotation": [[0.47860914468765253, -0.18618083000183103, -0.8580617308616637], [0.8780279755592346, 0.10148613154888154, 0.46772569417953486], [-1.911178770770791e-07, -0.9772600531578065, 0.21204419434070587]], "fy": 1111.1113654242622, "fx": 1111.1113654242622}, {"id": 30, "img_name": "30_colors", "width": 800, "height": 800, "position": [-1.888414978981018, 3.493660688400268, -0.47772830724716164], "rotation": [[-0.7816978096961976, 0.15427277982234952, 0.6042750477790833], [-0.6236572861671448, -0.19336676597595215, -0.7574040293693541], [-1.0756086512044928e-07, -0.9689216613769531, 0.24736773967742917]], "fy": 1111.1113654242622, "fx": 1111.1113654242622}, {"id": 31, "img_name": "31_colors", "width": 800, "height": 800, "position": [-0.4527793526649477, -2.0536165237426767, -3.4025945663452153], "rotation": [[0.936910092830658, 0.28659439086914057, 0.20015756785869598], [-0.34957027435302734, 0.7681235671043395, 0.5364576578140259], [2.1440135001769712e-08, -0.5725817680358887, 0.8198476433753966]], "fy": 1111.1113654242622, "fx": 1111.1113654242622}, {"id": 32, "img_name": "32_colors", "width": 800, "height": 800, "position": [-1.4519159793853762, 2.8638641834259038, -2.3854186534881587], "rotation": [[-0.7710964083671568, 0.43639710545539856, 0.46364620327949535], [-0.636718273162842, -0.5284977555274962, -0.5614979267120362], [-8.742276953688953e-08, -0.7281811237335206, 0.6853847503662108]], "fy": 1111.1113654242622, "fx": 1111.1113654242622}, {"id": 33, "img_name": "33_colors", "width": 800, "height": 800, "position": [2.09400749206543, -2.800649642944336, -1.9420337677001953], "rotation": [[0.9004884958267214, -0.24112091958522802, -0.3619130849838257], [0.4348796904087067, 0.4992798566818238, 0.7493992447853087], [6.259149645369012e-08, -0.8322141170501709, 0.5544543862342834]], "fy": 1111.1113654242622, "fx": 1111.1113654242622}, {"id": 34, "img_name": "34_colors", "width": 800, "height": 800, "position": [-0.6715309023857118, 3.9101307392120366, -0.5098280906677246], "rotation": [[-0.9457463622093201, 0.08762172609567645, 0.3128676414489746], [-0.3249056935310364, -0.25505214929580694, -0.91070556640625], [-3.6648625474837216e-08, -0.9629490375518799, 0.26968345046043396]], "fy": 1111.1113654242622, "fx": 1111.1113654242622}, {"id": 35, "img_name": "35_colors", "width": 800, "height": 800, "position": [2.359025955200195, 3.164207220077515, -0.6502219438552855], "rotation": [[-0.8200869560241699, -0.19098795950412742, -0.5394264459609984], [0.5722388029098513, -0.27370852231979365, -0.7730629444122316], [1.0793498719681834e-07, -0.9426596760749816, 0.3337555229663849]], "fy": 1111.1113654242622, "fx": 1111.1113654242622}, {"id": 36, "img_name": "36_colors", "width": 800, "height": 800, "position": [0.4628773033618927, -3.9587180614471436, -0.3380776345729828], "rotation": [[0.9999653100967407, 0.001537926495075226, 0.00818229839205742], [-0.008325575850903988, 0.1847167015075684, 0.9827565550804139], [2.0293504364956833e-10, -0.9827905893325806, 0.18472309410572052]], "fy": 1111.1113654242622, "fx": 1111.1113654242622}, {"id": 37, "img_name": "37_colors", "width": 800, "height": 800, "position": [-3.845009565353394, -1.0966790914535522, -0.11487761139869697], "rotation": [[0.3449227213859558, 0.12359196692705154, 0.9304586648941041], [-0.9386309981346131, 0.04541683197021486, 0.3419196009635926], [2.998745785238769e-08, -0.9912932515144349, 0.13167256116867068]], "fy": 1111.1113654242622, "fx": 1111.1113654242622}, {"id": 38, "img_name": "38_colors", "width": 800, "height": 800, "position": [3.7895150184631343, -1.2786619663238528, -0.06781855225563052], "rotation": [[0.4756302535533905, -0.1320513337850571, -0.8696771264076232], [0.8796452283859254, 0.07140102237462999, 0.4702404141426087], [-3.648185399344145e-08, -0.988667964935303, 0.15011881291866308]], "fy": 1111.1113654242622, "fx": 1111.1113654242622}, {"id": 39, "img_name": "39_colors", "width": 800, "height": 800, "position": [1.2687314748764038, -2.533113956451416, 2.8237657546997075], "rotation": [[0.9693512916564941, 0.14647777378559115, -0.1972363293170929], [0.24567845463752747, -0.5779440999031069, 0.7782176136970521], [6.386698736122072e-09, -0.802823066711426, -0.5962173342704774]], "fy": 1111.1113654242622, "fx": 1111.1113654242622}, {"id": 40, "img_name": "40_colors", "width": 800, "height": 800, "position": [3.2166092395782466, 1.403777837753296, 1.9190708398818974], "rotation": [[-0.31567466259002686, 0.42139086127281183, -0.8501642346382142], [0.9488674402236938, 0.14019058644771576, -0.2828376293182373], [-1.7418439313566002e-07, -0.8959778547286987, -0.444098711013794]], "fy": 1111.1113654242622, "fx": 1111.1113654242622}, {"id": 41, "img_name": "41_colors", "width": 800, "height": 800, "position": [-0.5026155710220337, -3.5471720695495614, -1.7790300846099851], "rotation": [[0.9706581234931946, 0.11533164978027347, 0.21100066602230075], [-0.24046343564987185, 0.46554934978485124, 0.8517283201217652], [8.956938317754614e-09, -0.8774750232696534, 0.47962233424186695]], "fy": 1111.1113654242622, "fx": 1111.1113654242622}, {"id": 42, "img_name": "42_colors", "width": 800, "height": 800, "position": [-3.335793018341064, -0.00742300692945727, -2.2073581218719482], "rotation": [[0.13114385306835175, 0.5683562755584718, 0.812263786792755], [-0.991363286972046, 0.07518567889928819, 0.10745152086019517], [1.3931517629071984e-07, -0.8193401694297792, 0.5733076930046082]], "fy": 1111.1113654242622, "fx": 1111.1113654242622}, {"id": 43, "img_name": "43_colors", "width": 800, "height": 800, "position": [-2.103392362594605, -0.4313839972019197, -3.374855279922486], "rotation": [[0.336849719285965, 0.7664368152618408, 0.546906590461731], [-0.9415583610534669, 0.27419859170913696, 0.19566015899181366], [1.4071996190556324e-07, -0.5808525681495667, 0.8140087723731995]], "fy": 1111.1113654242622, "fx": 1111.1113654242622}, {"id": 44, "img_name": "44_colors", "width": 800, "height": 800, "position": [-2.1999592781066886, 1.8766186237335203, -2.7637803554534903], "rotation": [[-0.45423167943954457, 0.6528337001800537, 0.6062027215957642], [-0.8908835053443909, -0.33285814523696905, -0.3090823292732239], [1.5184440367994214e-07, -0.6804510354995728, 0.7327935695648193]], "fy": 1111.1113654242622, "fx": 1111.1113654242622}, {"id": 45, "img_name": "45_colors", "width": 800, "height": 800, "position": [1.753854155540466, 3.582487344741821, 0.29963392019271845], "rotation": [[-0.9262993931770325, -0.02264568023383617, -0.3761070370674133], [0.3767881393432616, -0.05567249655723571, -0.9246249198913575], [-5.601895836564611e-08, -0.9981922507286071, 0.06010202690958976]], "fy": 1111.1113654242622, "fx": 1111.1113654242622}, {"id": 46, "img_name": "46_colors", "width": 800, "height": 800, "position": [-2.9925835132598873, -1.7356659173965459, 2.0079612731933594], "rotation": [[0.5391240715980531, -0.2878277897834778, 0.7915177345275877], [-0.8422262668609621, -0.18424369394779203, 0.5066646933555603], [-2.0093297682014665e-08, -0.9397922158241271, -0.34174636006355286]], "fy": 1111.1113654242622, "fx": 1111.1113654242622}, {"id": 47, "img_name": "47_colors", "width": 800, "height": 800, "position": [-3.679885149002075, 1.4865607023239136, -0.49857962131500244], "rotation": [[-0.2297140806913376, 0.2204153537750244, 0.9479707479476929], [-0.9732580780982971, -0.05202385410666466, -0.22374558448791504], [1.324416274414631e-07, -0.9740177392959595, 0.22647164762020108]], "fy": 1111.1113654242622, "fx": 1111.1113654242622}, {"id": 48, "img_name": "48_colors", "width": 800, "height": 800, "position": [2.5645959377288814, 0.022275732830166872, -3.0695848464965816], "rotation": [[0.22543233633041382, -0.8377515077590943, -0.49734559655189514], [0.9742587804794312, 0.1938460171222687, 0.11508025974035264], [-1.9599993095259881e-07, -0.5104861259460448, 0.8598859906196594]], "fy": 1111.1113654242622, "fx": 1111.1113654242622}, {"id": 49, "img_name": "49_colors", "width": 800, "height": 800, "position": [-2.3230528831481934, 1.0120846033096316, -3.095013856887817], "rotation": [[-0.17848122119903564, 0.7690491080284119, 0.6137653589248658], [-0.983943283557892, -0.1395007073879242, -0.11133331060409549], [-7.622681863996739e-08, -0.6237812638282776, 0.7815989851951599]], "fy": 1111.1113654242622, "fx": 1111.1113654242622}]